exemplar,aardappel,ajuin,asperges,aubergine,augurken,biet,bloemkool,bonen,champignons,courgette,erwten,kervel,komkommer,look,maïs,paprika,peterselie,prei,radijs,rode kool,schorseneren,selder,sla,spinazie,spruiten,tomaat,waterkers,witloof,witte kool,wortel
aardappel,1.0,0.45625,0.309375,0.38666666666666666,0.328125,0.509375,0.3625,0.353125,0.30625,0.359375,0.29375,0.27142857142857146,0.31875,0.284375,0.3375,0.3375,0.25,0.315625,0.390625,0.303125,0.32999999999999996,0.315625,0.290625,0.25625,0.3375,0.390625,0.228125,0.328125,0.375,0.340625
ajuin,0.45625,1.0,0.275,0.31666666666666665,0.35625,0.409375,0.334375,0.303125,0.315625,0.359375,0.296875,0.30357142857142855,0.30625,0.58125,0.2875,0.334375,0.35625,0.375,0.35625,0.278125,0.32333333333333336,0.41875,0.284375,0.25,0.3375,0.39375,0.29375,0.3875,0.346875,0.33125
asperges,0.309375,0.275,1.0,0.41,0.353125,0.4,0.340625,0.415625,0.33125,0.384375,0.34375,0.35714285714285715,0.3875,0.296875,0.303125,0.26875,0.340625,0.49375,0.359375,0.24375,0.5700000000000001,0.409375,0.26875,0.253125,0.415625,0.271875,0.3,0.41875,0.38125,0.4875
aubergine,0.38666666666666666,0.31666666666666665,0.41,1.0,0.42000000000000004,0.45999999999999996,0.2833333333333333,0.4066666666666666,0.24,0.5733333333333334,0.2733333333333333,0.33571428571428574,0.5733333333333334,0.33666666666666667,0.29333333333333333,0.4533333333333333,0.24666666666666667,0.36333333333333334,0.3566666666666667,0.36,0.37142857142857144,0.3,0.32333333333333336,0.3,0.35,0.33999999999999997,0.26,0.31333333333333335,0.3466666666666667,0.32666666666666666
augurken,0.328125,0.35625,0.353125,0.42000000000000004,1.0,0.325,0.309375,0.459375,0.315625,0.509375,0.390625,0.42857142857142855,0.596875,0.26875,0.325,0.38125,0.3125,0.325,0.39375,0.33125,0.42333333333333334,0.334375,0.340625,0.346875,0.46875,0.30625,0.28125,0.325,0.334375,0.396875
biet,0.509375,0.409375,0.4,0.45999999999999996,0.325,1.0,0.40625,0.34375,0.28125,0.409375,0.29375,0.32142857142857145,0.340625,0.325,0.45625,0.39375,0.321875,0.378125,0.571875,0.525,0.38333333333333336,0.33125,0.3,0.271875,0.33125,0.375,0.321875,0.38125,0.490625,0.459375
bloemkool,0.3625,0.334375,0.340625,0.2833333333333333,0.309375,0.40625,1.0,0.340625,0.28125,0.284375,0.31875,0.3392857142857143,0.303125,0.2375,0.328125,0.31875,0.240625,0.34375,0.390625,0.5625,0.37333333333333335,0.31875,0.390625,0.328125,0.3875,0.271875,0.228125,0.375,0.6625,0.296875
bonen,0.353125,0.303125,0.415625,0.4066666666666666,0.459375,0.34375,0.340625,1.0,0.378125,0.409375,0.546875,0.29642857142857143,0.39375,0.35625,0.38125,0.346875,0.3,0.3625,0.315625,0.290625,0.39,0.321875,0.353125,0.434375,0.384375,0.346875,0.259375,0.278125,0.31875,0.35
champignons,0.30625,0.315625,0.33125,0.24,0.315625,0.28125,0.28125,0.378125,1.0,0.234375,0.30625,0.30357142857142855,0.25,0.4125,0.29375,0.284375,0.253125,0.259375,0.40625,0.234375,0.3433333333333333,0.2875,0.24375,0.346875,0.35,0.353125,0.275,0.290625,0.34375,0.275
courgette,0.359375,0.359375,0.384375,0.5733333333333334,0.509375,0.409375,0.284375,0.409375,0.234375,1.0,0.34375,0.37142857142857144,0.721875,0.278125,0.296875,0.41875,0.315625,0.465625,0.334375,0.328125,0.39666666666666667,0.375,0.303125,0.26875,0.375,0.346875,0.325,0.4125,0.303125,0.35625
erwten,0.29375,0.296875,0.34375,0.2733333333333333,0.390625,0.29375,0.31875,0.546875,0.30625,0.34375,1.0,0.43928571428571433,0.384375,0.2625,0.575,0.23125,0.33125,0.340625,0.353125,0.259375,0.3066666666666667,0.29375,0.334375,0.365625,0.55,0.290625,0.35625,0.296875,0.3125,0.359375
kervel,0.27142857142857146,0.30357142857142855,0.35714285714285715,0.33571428571428574,0.42857142857142855,0.32142857142857145,0.3392857142857143,0.29642857142857143,0.30357142857142855,0.37142857142857144,0.43928571428571433,1.0,0.31785714285714284,0.28214285714285714,0.35357142857142854,0.32142857142857145,0.5428571428571429,0.42857142857142855,0.3433333333333333,0.29642857142857143,0.3730769230769231,0.5142857142857143,0.47857142857142854,0.4642857142857143,0.37857142857142856,0.3678571428571428,0.55,0.37142857142857144,0.3392857142857143,0.4
komkommer,0.31875,0.30625,0.3875,0.5733333333333334,0.596875,0.340625,0.303125,0.39375,0.25,0.721875,0.384375,0.31785714285714284,1.0,0.25,0.371875,0.35,0.328125,0.4625,0.3125,0.30625,0.3466666666666667,0.425,0.396875,0.30625,0.315625,0.321875,0.309375,0.396875,0.328125,0.365625
look,0.284375,0.58125,0.296875,0.33666666666666667,0.26875,0.325,0.2375,0.35625,0.4125,0.278125,0.2625,0.28214285714285714,0.25,1.0,0.246875,0.340625,0.325,0.28125,0.334375,0.2625,0.2833333333333333,0.265625,0.265625,0.290625,0.340625,0.30625,0.378125,0.31875,0.4,0.271875
maïs,0.3375,0.2875,0.303125,0.29333333333333333,0.325,0.45625,0.328125,0.38125,0.29375,0.296875,0.575,0.35357142857142854,0.371875,0.246875,1.0,0.28125,0.26875,0.31875,0.34375,0.303125,0.35,0.265625,0.23125,0.246875,0.353125,0.325,0.334375,0.35625,0.3125,0.328125
paprika,0.3375,0.334375,0.26875,0.4533333333333333,0.38125,0.39375,0.31875,0.346875,0.284375,0.41875,0.23125,0.32142857142857145,0.35,0.340625,0.28125,1.0,0.25,0.359375,0.328125,0.3125,0.33999999999999997,0.3625,0.30625,0.290625,0.3,0.496875,0.30625,0.2875,0.259375,0.35
peterselie,0.25,0.35625,0.340625,0.24666666666666667,0.3125,0.321875,0.240625,0.3,0.253125,0.315625,0.33125,0.5428571428571429,0.328125,0.325,0.26875,0.25,1.0,0.4125,0.346875,0.234375,0.29,0.465625,0.446875,0.45,0.346875,0.25,0.55625,0.28125,0.26875,0.315625
prei,0.315625,0.375,0.49375,0.36333333333333334,0.325,0.378125,0.34375,0.3625,0.259375,0.465625,0.340625,0.42857142857142855,0.4625,0.28125,0.31875,0.359375,0.4125,1.0,0.340625,0.26875,0.4333333333333333,0.609375,0.384375,0.3875,0.378125,0.259375,0.328125,0.38125,0.359375,0.36875
radijs,0.390625,0.35625,0.359375,0.3566666666666667,0.39375,0.571875,0.390625,0.315625,0.40625,0.334375,0.353125,0.3433333333333333,0.3125,0.334375,0.34375,0.328125,0.346875,0.340625,1.0,0.346875,0.37,0.359375,0.34375,0.3125,0.46875,0.48125,0.428125,0.35,0.340625,0.465625
rode kool,0.303125,0.278125,0.24375,0.36,0.33125,0.525,0.5625,0.290625,0.234375,0.328125,0.259375,0.29642857142857143,0.30625,0.2625,0.303125,0.3125,0.234375,0.26875,0.346875,1.0,0.35,0.278125,0.35625,0.36875,0.39375,0.375,0.29375,0.365625,0.684375,0.315625
schorseneren,0.32999999999999996,0.32333333333333336,0.5700000000000001,0.37142857142857144,0.42333333333333334,0.38333333333333336,0.37333333333333335,0.39,0.3433333333333333,0.39666666666666667,0.3066666666666667,0.3730769230769231,0.3466666666666667,0.2833333333333333,0.35,0.33999999999999997,0.29,0.4333333333333333,0.37,0.35,1.0,0.4066666666666666,0.23333333333333334,0.27999999999999997,0.3566666666666667,0.37333333333333335,0.30333333333333334,0.4133333333333334,0.43,0.39
selder,0.315625,0.41875,0.409375,0.3,0.334375,0.33125,0.31875,0.321875,0.2875,0.375,0.29375,0.5142857142857143,0.425,0.265625,0.265625,0.3625,0.465625,0.609375,0.359375,0.278125,0.4066666666666666,1.0,0.4375,0.415625,0.359375,0.3125,0.409375,0.378125,0.440625,0.4
sla,0.290625,0.284375,0.26875,0.32333333333333336,0.340625,0.3,0.390625,0.353125,0.24375,0.303125,0.334375,0.47857142857142854,0.396875,0.265625,0.23125,0.30625,0.446875,0.384375,0.34375,0.35625,0.23333333333333334,0.4375,1.0,0.521875,0.403125,0.3,0.525,0.359375,0.471875,0.278125
spinazie,0.25625,0.25,0.253125,0.3,0.346875,0.271875,0.328125,0.434375,0.346875,0.26875,0.365625,0.4642857142857143,0.30625,0.290625,0.246875,0.290625,0.45,0.3875,0.3125,0.36875,0.27999999999999997,0.415625,0.521875,1.0,0.39375,0.225,0.421875,0.271875,0.34375,0.278125
spruiten,0.3375,0.3375,0.415625,0.35,0.46875,0.33125,0.3875,0.384375,0.35,0.375,0.55,0.37857142857142856,0.315625,0.340625,0.353125,0.3,0.346875,0.378125,0.46875,0.39375,0.3566666666666667,0.359375,0.403125,0.39375,1.0,0.371875,0.296875,0.365625,0.45625,0.35
tomaat,0.390625,0.39375,0.271875,0.33999999999999997,0.30625,0.375,0.271875,0.346875,0.353125,0.346875,0.290625,0.3678571428571428,0.321875,0.30625,0.325,0.496875,0.25,0.259375,0.48125,0.375,0.37333333333333335,0.3125,0.3,0.225,0.371875,1.0,0.3375,0.33125,0.346875,0.290625
waterkers,0.228125,0.29375,0.3,0.26,0.28125,0.321875,0.228125,0.259375,0.275,0.325,0.35625,0.55,0.309375,0.378125,0.334375,0.30625,0.55625,0.328125,0.428125,0.29375,0.30333333333333334,0.409375,0.525,0.421875,0.296875,0.3375,1.0,0.409375,0.29,0.29375
witloof,0.328125,0.3875,0.41875,0.31333333333333335,0.325,0.38125,0.375,0.278125,0.290625,0.4125,0.296875,0.37142857142857144,0.396875,0.31875,0.35625,0.2875,0.28125,0.38125,0.35,0.365625,0.4133333333333334,0.378125,0.359375,0.271875,0.365625,0.33125,0.409375,1.0,0.428125,0.346875
witte kool,0.375,0.346875,0.38125,0.3466666666666667,0.334375,0.490625,0.6625,0.31875,0.34375,0.303125,0.3125,0.3392857142857143,0.328125,0.4,0.3125,0.259375,0.26875,0.359375,0.340625,0.684375,0.43,0.440625,0.471875,0.34375,0.45625,0.346875,0.29,0.428125,1.0,0.3
wortel,0.340625,0.33125,0.4875,0.32666666666666666,0.396875,0.459375,0.296875,0.35,0.275,0.35625,0.359375,0.4,0.365625,0.271875,0.328125,0.35,0.315625,0.36875,0.465625,0.315625,0.39,0.4,0.278125,0.278125,0.35,0.290625,0.29375,0.346875,0.3,1.0
