exemplar,aambeeld,beitel,bijl,boormachine,breekijzer,engelse sleutel,grasmachine,hamer,houtklem,houweel,koevoet,kruiwagen,mes,moersleutel,oliespuit,plamuurmes,ploeg,schaaf,schop,schroevendraaier,slijpschijf,spijker,staalborstel,stofzuiger,tang,touw,verfborstel,vijl,waterpas,zaag
aambeeld,1.0,0.3235294117647059,0.2705882352941177,0.1588235294117647,0.35625,0.246875,0.18823529411764706,0.34705882352941175,0.24642857142857144,0.29411764705882354,0.29705882352941176,0.23529411764705882,0.2088235294117647,0.23666666666666666,0.2033333333333333,0.20625,0.25,0.28928571428571426,0.2235294117647059,0.21470588235294116,0.2529411764705882,0.18823529411764706,0.2375,0.16764705882352943,0.24117647058823527,0.1388888888888889,0.18235294117647058,0.2,0.23529411764705882,0.19411764705882353
beitel,0.3235294117647059,1.0,0.4805555555555555,0.3277777777777778,0.5029411764705882,0.4088235294117647,0.21388888888888888,0.4722222222222222,0.30357142857142855,0.5194444444444445,0.5361111111111111,0.17777777777777776,0.5,0.35625,0.18333333333333332,0.5117647058823529,0.3029411764705882,0.4115384615384615,0.3861111111111111,0.4916666666666667,0.2861111111111111,0.40555555555555556,0.346875,0.14166666666666666,0.37222222222222223,0.14722222222222223,0.36666666666666664,0.5666666666666667,0.2833333333333333,0.325
bijl,0.2705882352941177,0.4805555555555555,1.0,0.26666666666666666,0.4882352941176471,0.25882352941176473,0.26666666666666666,0.5194444444444445,0.2642857142857143,0.6647058823529413,0.4722222222222222,0.18611111111111112,0.5972222222222222,0.24375,0.2,0.3235294117647059,0.37058823529411766,0.35714285714285715,0.35833333333333334,0.2638888888888889,0.2777777777777778,0.25277777777777777,0.296875,0.1638888888888889,0.3,0.15833333333333333,0.23888888888888887,0.35833333333333334,0.21944444444444447,0.4222222222222222
boormachine,0.1588235294117647,0.3277777777777778,0.26666666666666666,1.0,0.26176470588235295,0.22941176470588234,0.32222222222222224,0.27222222222222225,0.26785714285714285,0.275,0.3205882352941177,0.175,0.3055555555555555,0.25,0.18,0.25882352941176473,0.2323529411764706,0.2857142857142857,0.2638888888888889,0.3861111111111111,0.5055555555555555,0.25833333333333336,0.2125,0.25833333333333336,0.20555555555555555,0.13333333333333333,0.17777777777777776,0.275,0.23888888888888887,0.3055555555555555
breekijzer,0.35625,0.5029411764705882,0.4882352941176471,0.26176470588235295,1.0,0.4264705882352941,0.21470588235294116,0.41875,0.31785714285714284,0.5735294117647058,0.7470588235294118,0.20588235294117646,0.45588235294117646,0.390625,0.28928571428571426,0.38823529411764707,0.29333333333333333,0.3892857142857143,0.31470588235294117,0.42058823529411765,0.3235294117647059,0.29411764705882354,0.27666666666666667,0.1588235294117647,0.45294117647058824,0.1588235294117647,0.24411764705882355,0.3823529411764706,0.24705882352941178,0.27941176470588236
engelse sleutel,0.246875,0.4088235294117647,0.25882352941176473,0.22941176470588234,0.4264705882352941,1.0,0.16470588235294117,0.29705882352941176,0.33571428571428574,0.35,0.4,0.2323529411764706,0.29705882352941176,0.63125,0.20714285714285716,0.38529411764705884,0.23125,0.28928571428571426,0.22941176470588234,0.5323529411764706,0.2323529411764706,0.29705882352941176,0.3,0.18235294117647058,0.4676470588235294,0.15,0.2647058823529412,0.27647058823529413,0.26176470588235295,0.25882352941176473
grasmachine,0.18823529411764706,0.21388888888888888,0.26666666666666666,0.32222222222222224,0.21470588235294116,0.16470588235294117,1.0,0.16666666666666669,0.18928571428571428,0.20277777777777778,0.19166666666666668,0.40555555555555556,0.3055555555555555,0.190625,0.18666666666666668,0.15294117647058822,0.44411764705882356,0.325,0.25833333333333336,0.20555555555555555,0.4222222222222222,0.13055555555555556,0.221875,0.4527777777777778,0.18888888888888888,0.125,0.14722222222222223,0.18611111111111112,0.1638888888888889,0.21388888888888888
hamer,0.34705882352941175,0.4722222222222222,0.5194444444444445,0.27222222222222225,0.41875,0.29705882352941176,0.16666666666666669,1.0,0.23928571428571427,0.39166666666666666,0.43888888888888894,0.18888888888888888,0.28888888888888886,0.3125,0.23333333333333334,0.2676470588235294,0.22058823529411767,0.2785714285714286,0.30833333333333335,0.3055555555555555,0.22222222222222224,0.3,0.25625,0.1638888888888889,0.35277777777777775,0.14444444444444443,0.22222222222222224,0.27222222222222225,0.25555555555555554,0.375
houtklem,0.24642857142857144,0.30357142857142855,0.2642857142857143,0.26785714285714285,0.31785714285714284,0.33571428571428574,0.18928571428571428,0.23928571428571427,1.0,0.31153846153846154,0.275,0.20714285714285716,0.23928571428571427,0.24615384615384617,0.22083333333333335,0.275,0.2230769230769231,0.26666666666666666,0.24285714285714283,0.19285714285714287,0.2928571428571428,0.2357142857142857,0.25,0.20357142857142857,0.38571428571428573,0.24285714285714283,0.26071428571428573,0.22142857142857145,0.2642857142857143,0.23214285714285715
houweel,0.29411764705882354,0.5194444444444445,0.6647058823529413,0.275,0.5735294117647058,0.35,0.20277777777777778,0.39166666666666666,0.31153846153846154,1.0,0.47777777777777775,0.20833333333333334,0.37222222222222223,0.26666666666666666,0.15333333333333335,0.4617647058823529,0.4147058823529412,0.2833333333333333,0.4444444444444445,0.38055555555555554,0.2833333333333333,0.30277777777777776,0.30625,0.16111111111111112,0.2823529411764706,0.17222222222222222,0.27222222222222225,0.3638888888888889,0.24705882352941178,0.2361111111111111
koevoet,0.29705882352941176,0.5361111111111111,0.4722222222222222,0.3205882352941177,0.7470588235294118,0.4,0.19166666666666668,0.43888888888888894,0.275,0.47777777777777775,1.0,0.21388888888888888,0.3944444444444445,0.384375,0.19,0.3264705882352941,0.3088235294117647,0.3392857142857143,0.3472222222222222,0.40555555555555556,0.29444444444444445,0.25833333333333336,0.284375,0.2,0.42058823529411765,0.14444444444444443,0.25833333333333336,0.33055555555555555,0.2694444444444445,0.3138888888888889
kruiwagen,0.23529411764705882,0.17777777777777776,0.18611111111111112,0.175,0.20588235294117646,0.2323529411764706,0.40555555555555556,0.18888888888888888,0.20714285714285716,0.20833333333333334,0.21388888888888888,1.0,0.1638888888888889,0.190625,0.15666666666666668,0.19411764705882353,0.38529411764705884,0.225,0.24166666666666664,0.16666666666666669,0.2,0.12777777777777777,0.14375,0.30277777777777776,0.17222222222222222,0.14444444444444443,0.17777777777777776,0.1638888888888889,0.175,0.18055555555555555
mes,0.2088235294117647,0.5,0.5972222222222222,0.3055555555555555,0.45588235294117646,0.29705882352941176,0.3055555555555555,0.28888888888888886,0.23928571428571427,0.37222222222222223,0.3944444444444445,0.1638888888888889,1.0,0.3,0.13666666666666666,0.5852941176470587,0.4176470588235294,0.5035714285714286,0.29166666666666663,0.4611111111111111,0.43611111111111106,0.33611111111111114,0.2676470588235294,0.13333333333333333,0.3277777777777778,0.15,0.21944444444444447,0.6,0.25555555555555554,0.5777777777777777
moersleutel,0.23666666666666666,0.35625,0.24375,0.25,0.390625,0.63125,0.190625,0.3125,0.24615384615384617,0.26666666666666666,0.384375,0.190625,0.3,1.0,0.22857142857142856,0.303125,0.2033333333333333,0.29230769230769227,0.2375,0.5633333333333334,0.240625,0.346875,0.28214285714285714,0.146875,0.47000000000000003,0.20625,0.25625,0.33125,0.225,0.2375
oliespuit,0.2033333333333333,0.18333333333333332,0.2,0.18,0.28928571428571426,0.20714285714285716,0.18666666666666668,0.23333333333333334,0.22083333333333335,0.15333333333333335,0.19,0.15666666666666668,0.13666666666666666,0.22857142857142856,1.0,0.24285714285714283,0.21071428571428572,0.23076923076923075,0.21666666666666665,0.21000000000000002,0.14333333333333334,0.21666666666666665,0.21428571428571427,0.15333333333333335,0.16999999999999998,0.17333333333333334,0.22999999999999998,0.21000000000000002,0.15666666666666668,0.15666666666666668
plamuurmes,0.20625,0.5117647058823529,0.3235294117647059,0.25882352941176473,0.38823529411764707,0.38529411764705884,0.15294117647058822,0.2676470588235294,0.275,0.4617647058823529,0.3264705882352941,0.19411764705882353,0.5852941176470587,0.303125,0.24285714285714283,1.0,0.25,0.39285714285714285,0.40294117647058825,0.3382352941176471,0.30588235294117644,0.25,0.32999999999999996,0.2,0.30588235294117644,0.14705882352941177,0.37058823529411766,0.45,0.3588235294117647,0.2852941176470588
ploeg,0.25,0.3029411764705882,0.37058823529411766,0.2323529411764706,0.29333333333333333,0.23125,0.44411764705882356,0.22058823529411767,0.2230769230769231,0.4147058823529412,0.3088235294117647,0.38529411764705884,0.4176470588235294,0.2033333333333333,0.21071428571428572,0.25,1.0,0.3153846153846154,0.4970588235294118,0.23823529411764705,0.26176470588235295,0.1911764705882353,0.2733333333333333,0.22058823529411767,0.24705882352941178,0.17941176470588235,0.17352941176470588,0.21176470588235294,0.16470588235294117,0.3
schaaf,0.28928571428571426,0.4115384615384615,0.35714285714285715,0.2857142857142857,0.3892857142857143,0.28928571428571426,0.325,0.2785714285714286,0.26666666666666666,0.2833333333333333,0.3392857142857143,0.225,0.5035714285714286,0.29230769230769227,0.23076923076923075,0.39285714285714285,0.3153846153846154,1.0,0.24285714285714283,0.33571428571428574,0.6071428571428571,0.30714285714285716,0.4576923076923077,0.2357142857142857,0.2857142857142857,0.18333333333333332,0.24285714285714283,0.625,0.3,0.4769230769230769
schop,0.2235294117647059,0.3861111111111111,0.35833333333333334,0.2638888888888889,0.31470588235294117,0.22941176470588234,0.25833333333333336,0.30833333333333335,0.24285714285714283,0.4444444444444445,0.3472222222222222,0.24166666666666664,0.29166666666666663,0.2375,0.21666666666666665,0.40294117647058825,0.4970588235294118,0.24285714285714283,1.0,0.25277777777777777,0.27222222222222225,0.2861111111111111,0.240625,0.2111111111111111,0.22777777777777777,0.15277777777777776,0.18611111111111112,0.29444444444444445,0.18333333333333332,0.2833333333333333
schroevendraaier,0.21470588235294116,0.4916666666666667,0.2638888888888889,0.3861111111111111,0.42058823529411765,0.5323529411764706,0.20555555555555555,0.3055555555555555,0.19285714285714287,0.38055555555555554,0.40555555555555556,0.16666666666666669,0.4611111111111111,0.5633333333333334,0.21000000000000002,0.3382352941176471,0.23823529411764705,0.33571428571428574,0.25277777777777777,1.0,0.25555555555555554,0.37222222222222223,0.25625,0.16944444444444445,0.33611111111111114,0.15277777777777776,0.3055555555555555,0.37777777777777777,0.225,0.23888888888888887
slijpschijf,0.2529411764705882,0.2861111111111111,0.2777777777777778,0.5055555555555555,0.3235294117647059,0.2323529411764706,0.4222222222222222,0.22222222222222224,0.2928571428571428,0.2833333333333333,0.29444444444444445,0.2,0.43611111111111106,0.240625,0.14333333333333334,0.30588235294117644,0.26176470588235295,0.6071428571428571,0.27222222222222225,0.25555555555555554,1.0,0.2694444444444445,0.309375,0.23333333333333334,0.2361111111111111,0.16944444444444445,0.19166666666666668,0.5111111111111111,0.2235294117647059,0.4527777777777778
spijker,0.18823529411764706,0.40555555555555556,0.25277777777777777,0.25833333333333336,0.29411764705882354,0.29705882352941176,0.13055555555555556,0.3,0.2357142857142857,0.30277777777777776,0.25833333333333336,0.12777777777777777,0.33611111111111114,0.346875,0.21666666666666665,0.25,0.1911764705882353,0.30714285714285716,0.2861111111111111,0.37222222222222223,0.2694444444444445,1.0,0.3,0.16666666666666669,0.21388888888888888,0.16111111111111112,0.25277777777777777,0.3611111111111111,0.2111111111111111,0.22222222222222224
staalborstel,0.2375,0.346875,0.296875,0.2125,0.27666666666666667,0.3,0.221875,0.25625,0.25,0.30625,0.284375,0.14375,0.2676470588235294,0.28214285714285714,0.21428571428571427,0.32999999999999996,0.2733333333333333,0.4576923076923077,0.240625,0.25625,0.309375,0.3,1.0,0.184375,0.3375,0.17941176470588235,0.646875,0.490625,0.221875,0.33125
stofzuiger,0.16764705882352943,0.14166666666666666,0.1638888888888889,0.25833333333333336,0.1588235294117647,0.18235294117647058,0.4527777777777778,0.1638888888888889,0.20357142857142857,0.16111111111111112,0.2,0.30277777777777776,0.13333333333333333,0.146875,0.15333333333333335,0.2,0.22058823529411767,0.2357142857142857,0.2111111111111111,0.16944444444444445,0.23333333333333334,0.16666666666666669,0.184375,1.0,0.16944444444444445,0.14722222222222223,0.19166666666666668,0.16111111111111112,0.16944444444444445,0.15277777777777776
tang,0.24117647058823527,0.37222222222222223,0.3,0.20555555555555555,0.45294117647058824,0.4676470588235294,0.18888888888888888,0.35277777777777775,0.38571428571428573,0.2823529411764706,0.42058823529411765,0.17222222222222222,0.3277777777777778,0.47000000000000003,0.16999999999999998,0.30588235294117644,0.24705882352941178,0.2857142857142857,0.22777777777777777,0.33611111111111114,0.2361111111111111,0.21388888888888888,0.3375,0.16944444444444445,1.0,0.18333333333333332,0.25,0.2972222222222222,0.22222222222222224,0.25555555555555554
touw,0.1388888888888889,0.14722222222222223,0.15833333333333333,0.13333333333333333,0.1588235294117647,0.15,0.125,0.14444444444444443,0.24285714285714283,0.17222222222222222,0.14444444444444443,0.14444444444444443,0.15,0.20625,0.17333333333333334,0.14705882352941177,0.17941176470588235,0.18333333333333332,0.15277777777777776,0.15277777777777776,0.16944444444444445,0.16111111111111112,0.17941176470588235,0.14722222222222223,0.18333333333333332,1.0,0.18333333333333332,0.1638888888888889,0.15555555555555556,0.1638888888888889
verfborstel,0.18235294117647058,0.36666666666666664,0.23888888888888887,0.17777777777777776,0.24411764705882355,0.2647058823529412,0.14722222222222223,0.22222222222222224,0.26071428571428573,0.27222222222222225,0.25833333333333336,0.17777777777777776,0.21944444444444447,0.25625,0.22999999999999998,0.37058823529411766,0.17352941176470588,0.24285714285714283,0.18611111111111112,0.3055555555555555,0.19166666666666668,0.25277777777777777,0.646875,0.19166666666666668,0.25,0.18333333333333332,1.0,0.33611111111111114,0.22777777777777777,0.21388888888888888
vijl,0.2,0.5666666666666667,0.35833333333333334,0.275,0.3823529411764706,0.27647058823529413,0.18611111111111112,0.27222222222222225,0.22142857142857145,0.3638888888888889,0.33055555555555555,0.1638888888888889,0.6,0.33125,0.21000000000000002,0.45,0.21176470588235294,0.625,0.29444444444444445,0.37777777777777777,0.5111111111111111,0.3611111111111111,0.490625,0.16111111111111112,0.2972222222222222,0.1638888888888889,0.33611111111111114,1.0,0.2111111111111111,0.41944444444444445
waterpas,0.23529411764705882,0.2833333333333333,0.21944444444444447,0.23888888888888887,0.24705882352941178,0.26176470588235295,0.1638888888888889,0.25555555555555554,0.2642857142857143,0.24705882352941178,0.2694444444444445,0.175,0.25555555555555554,0.225,0.15666666666666668,0.3588235294117647,0.16470588235294117,0.3,0.18333333333333332,0.225,0.2235294117647059,0.2111111111111111,0.221875,0.16944444444444445,0.22222222222222224,0.15555555555555556,0.22777777777777777,0.2111111111111111,1.0,0.21944444444444447
zaag,0.19411764705882353,0.325,0.4222222222222222,0.3055555555555555,0.27941176470588236,0.25882352941176473,0.21388888888888888,0.375,0.23214285714285715,0.2361111111111111,0.3138888888888889,0.18055555555555555,0.5777777777777777,0.2375,0.15666666666666668,0.2852941176470588,0.3,0.4769230769230769,0.2833333333333333,0.23888888888888887,0.4527777777777778,0.22222222222222224,0.33125,0.15277777777777776,0.25555555555555554,0.1638888888888889,0.21388888888888888,0.41944444444444445,0.21944444444444447,1.0
