exemplar,apron,bottle,bowl,can opener,colander,electric kettle,fork,fridge,glass,grater,kettle,knife,microwave oven,mixer,mug,nutcracker,oven,pan,percolator,place mat,plate,pot,scales,scissors,sieve,spatula,spoon,stove,teaspoon,toaster,towel,whisk,wok
apron,1.0,0.12,0.20400000000000001,0.13999999999999999,0.154,0.178,0.146,0.12,0.16999999999999998,0.132,0.13,0.178,0.11599999999999999,0.172,0.15,0.16,0.252,0.19,0.182,0.16599999999999998,0.176,0.20600000000000002,0.13799999999999998,0.202,0.11599999999999999,0.15833333333333333,0.148,0.244,0.13999999999999999,0.142,0.45199999999999996,0.202,0.21200000000000002
bottle,0.12,1.0,0.284,0.24,0.18,0.272,0.188,0.242,0.458,0.136,0.26,0.22999999999999998,0.136,0.20400000000000001,0.32799999999999996,0.162,0.13,0.198,0.22599999999999998,0.158,0.22400000000000003,0.32,0.148,0.128,0.144,0.17708333333333331,0.162,0.18,0.16999999999999998,0.136,0.162,0.154,0.188
bowl,0.20400000000000001,0.284,1.0,0.22599999999999998,0.48600000000000004,0.238,0.21200000000000002,0.198,0.33199999999999996,0.16999999999999998,0.422,0.178,0.24,0.294,0.47400000000000003,0.146,0.322,0.5,0.304,0.20400000000000001,0.49800000000000005,0.6980000000000001,0.32,0.136,0.324,0.23958333333333334,0.202,0.20400000000000001,0.162,0.144,0.18,0.294,0.5740000000000001
can opener,0.13999999999999999,0.24,0.22599999999999998,1.0,0.16799999999999998,0.20800000000000002,0.27,0.172,0.13999999999999999,0.2,0.16799999999999998,0.356,0.19,0.252,0.126,0.34199999999999997,0.176,0.148,0.21000000000000002,0.21000000000000002,0.21000000000000002,0.24,0.196,0.36,0.19,0.18333333333333332,0.268,0.16799999999999998,0.198,0.176,0.11200000000000002,0.314,0.156
colander,0.154,0.18,0.48600000000000004,0.16799999999999998,1.0,0.238,0.22599999999999998,0.158,0.16599999999999998,0.238,0.33199999999999996,0.128,0.13999999999999999,0.176,0.21800000000000003,0.122,0.19,0.27799999999999997,0.302,0.144,0.294,0.42000000000000004,0.194,0.124,0.5820000000000001,0.18541666666666667,0.154,0.162,0.144,0.156,0.21800000000000003,0.188,0.32999999999999996
electric kettle,0.178,0.272,0.238,0.20800000000000002,0.238,1.0,0.156,0.22599999999999998,0.346,0.172,0.46399999999999997,0.11000000000000001,0.386,0.22599999999999998,0.39,0.244,0.388,0.358,0.516,0.142,0.16799999999999998,0.378,0.23399999999999999,0.156,0.156,0.14583333333333331,0.20400000000000001,0.384,0.23399999999999999,0.324,0.18,0.16999999999999998,0.286
fork,0.146,0.188,0.21200000000000002,0.27,0.22599999999999998,0.156,1.0,0.136,0.21800000000000003,0.294,0.16399999999999998,0.5559999999999999,0.2,0.29,0.194,0.202,0.236,0.22999999999999998,0.176,0.176,0.372,0.194,0.154,0.388,0.20800000000000002,0.39791666666666664,0.642,0.186,0.492,0.184,0.178,0.434,0.296
fridge,0.12,0.242,0.198,0.172,0.158,0.22599999999999998,0.136,1.0,0.22999999999999998,0.132,0.16999999999999998,0.144,0.38,0.244,0.156,0.15,0.33199999999999996,0.172,0.198,0.1,0.172,0.188,0.178,0.16599999999999998,0.10200000000000001,0.14791666666666667,0.142,0.392,0.12,0.27599999999999997,0.162,0.13,0.20400000000000001
glass,0.16999999999999998,0.458,0.33199999999999996,0.13999999999999999,0.16599999999999998,0.346,0.21800000000000003,0.22999999999999998,1.0,0.172,0.22000000000000003,0.20800000000000002,0.21000000000000002,0.154,0.666,0.144,0.152,0.242,0.246,0.194,0.352,0.32,0.16,0.20400000000000001,0.18,0.18958333333333333,0.246,0.162,0.202,0.11599999999999999,0.152,0.182,0.21600000000000003
grater,0.132,0.136,0.16999999999999998,0.2,0.238,0.172,0.294,0.132,0.172,1.0,0.21000000000000002,0.374,0.142,0.274,0.176,0.21600000000000003,0.126,0.22599999999999998,0.144,0.16399999999999998,0.194,0.182,0.176,0.352,0.404,0.2875,0.2,0.13999999999999999,0.154,0.16399999999999998,0.16,0.252,0.16
kettle,0.13,0.26,0.422,0.16799999999999998,0.33199999999999996,0.46399999999999997,0.16399999999999998,0.16999999999999998,0.22000000000000003,0.21000000000000002,1.0,0.196,0.362,0.198,0.27599999999999997,0.122,0.352,0.40800000000000003,0.418,0.202,0.264,0.6639999999999999,0.194,0.144,0.27999999999999997,0.24166666666666664,0.23399999999999999,0.38,0.27999999999999997,0.246,0.20400000000000001,0.238,0.36
knife,0.178,0.22999999999999998,0.178,0.356,0.128,0.11000000000000001,0.5559999999999999,0.144,0.20800000000000002,0.374,0.196,1.0,0.186,0.21400000000000002,0.25,0.196,0.18,0.22999999999999998,0.148,0.13799999999999998,0.354,0.202,0.18,0.614,0.21800000000000003,0.39166666666666666,0.592,0.23199999999999998,0.41600000000000004,0.174,0.158,0.282,0.152
microwave oven,0.11599999999999999,0.136,0.24,0.19,0.13999999999999999,0.386,0.2,0.38,0.21000000000000002,0.142,0.362,0.186,1.0,0.21000000000000002,0.268,0.154,0.658,0.33199999999999996,0.294,0.176,0.238,0.262,0.192,0.128,0.12,0.11875,0.156,0.45999999999999996,0.132,0.356,0.156,0.18,0.26
mixer,0.172,0.20400000000000001,0.294,0.252,0.176,0.22599999999999998,0.29,0.244,0.154,0.274,0.198,0.21400000000000002,0.21000000000000002,1.0,0.174,0.21800000000000003,0.20400000000000001,0.20600000000000002,0.324,0.144,0.192,0.21800000000000003,0.186,0.248,0.22799999999999998,0.32291666666666663,0.286,0.21200000000000002,0.21400000000000002,0.22999999999999998,0.142,0.732,0.16799999999999998
mug,0.15,0.32799999999999996,0.47400000000000003,0.126,0.21800000000000003,0.39,0.194,0.156,0.666,0.176,0.27599999999999997,0.25,0.268,0.174,1.0,0.146,0.144,0.23199999999999998,0.42800000000000005,0.244,0.344,0.42000000000000004,0.20400000000000001,0.22400000000000003,0.126,0.20416666666666666,0.296,0.134,0.3,0.158,0.144,0.186,0.264
nutcracker,0.16,0.162,0.146,0.34199999999999997,0.122,0.244,0.202,0.15,0.144,0.21600000000000003,0.122,0.196,0.154,0.21800000000000003,0.146,1.0,0.154,0.142,0.16799999999999998,0.144,0.13,0.152,0.21800000000000003,0.302,0.142,0.20208333333333334,0.21800000000000003,0.162,0.2,0.158,0.136,0.268,0.144
oven,0.252,0.13,0.322,0.176,0.19,0.388,0.236,0.33199999999999996,0.152,0.126,0.352,0.18,0.658,0.20400000000000001,0.144,0.154,1.0,0.404,0.21400000000000002,0.176,0.188,0.324,0.20400000000000001,0.146,0.128,0.15,0.128,0.536,0.144,0.374,0.20800000000000002,0.15,0.368
pan,0.19,0.198,0.5,0.148,0.27799999999999997,0.358,0.22999999999999998,0.172,0.242,0.22599999999999998,0.40800000000000003,0.22999999999999998,0.33199999999999996,0.20600000000000002,0.23199999999999998,0.142,0.404,1.0,0.162,0.24,0.344,0.734,0.16999999999999998,0.142,0.258,0.20416666666666666,0.238,0.43,0.16399999999999998,0.262,0.15,0.20800000000000002,0.572
percolator,0.182,0.22599999999999998,0.304,0.21000000000000002,0.302,0.516,0.176,0.198,0.246,0.144,0.418,0.148,0.294,0.324,0.42800000000000005,0.16799999999999998,0.21400000000000002,0.162,1.0,0.186,0.16799999999999998,0.382,0.156,0.118,0.238,0.175,0.272,0.378,0.268,0.296,0.146,0.16799999999999998,0.16399999999999998
place mat,0.16599999999999998,0.158,0.20400000000000001,0.21000000000000002,0.144,0.142,0.176,0.1,0.194,0.16399999999999998,0.202,0.13799999999999998,0.176,0.144,0.244,0.144,0.176,0.24,0.186,1.0,0.378,0.238,0.178,0.128,0.146,0.18958333333333333,0.176,0.13799999999999998,0.146,0.21200000000000002,0.312,0.23199999999999998,0.15
plate,0.176,0.22400000000000003,0.49800000000000005,0.21000000000000002,0.294,0.16799999999999998,0.372,0.172,0.352,0.194,0.264,0.354,0.238,0.192,0.344,0.13,0.188,0.344,0.16799999999999998,0.378,1.0,0.422,0.27,0.144,0.236,0.12708333333333333,0.398,0.21000000000000002,0.31,0.22200000000000003,0.16799999999999998,0.158,0.34199999999999997
pot,0.20600000000000002,0.32,0.6980000000000001,0.24,0.42000000000000004,0.378,0.194,0.188,0.32,0.182,0.6639999999999999,0.202,0.262,0.21800000000000003,0.42000000000000004,0.152,0.324,0.734,0.382,0.238,0.422,1.0,0.18,0.11000000000000001,0.27799999999999997,0.22708333333333336,0.21600000000000003,0.296,0.196,0.16799999999999998,0.192,0.20800000000000002,0.554
scales,0.13799999999999998,0.148,0.32,0.196,0.194,0.23399999999999999,0.154,0.178,0.16,0.176,0.194,0.18,0.192,0.186,0.20400000000000001,0.21800000000000003,0.20400000000000001,0.16999999999999998,0.156,0.178,0.27,0.18,1.0,0.16599999999999998,0.23399999999999999,0.1625,0.16599999999999998,0.174,0.21600000000000003,0.174,0.16599999999999998,0.16399999999999998,0.22400000000000003
scissors,0.202,0.128,0.136,0.36,0.124,0.156,0.388,0.16599999999999998,0.20400000000000001,0.352,0.144,0.614,0.128,0.248,0.22400000000000003,0.302,0.146,0.142,0.118,0.128,0.144,0.11000000000000001,0.16599999999999998,1.0,0.184,0.23541666666666666,0.316,0.16799999999999998,0.21000000000000002,0.13,0.136,0.244,0.15
sieve,0.11599999999999999,0.144,0.324,0.19,0.5820000000000001,0.156,0.20800000000000002,0.10200000000000001,0.18,0.404,0.27999999999999997,0.21800000000000003,0.12,0.22799999999999998,0.126,0.142,0.128,0.258,0.238,0.146,0.236,0.27799999999999997,0.23399999999999999,0.184,1.0,0.22083333333333335,0.2,0.134,0.188,0.156,0.2,0.22599999999999998,0.254
spatula,0.15833333333333333,0.17708333333333331,0.23958333333333334,0.18333333333333332,0.18541666666666667,0.14583333333333331,0.39791666666666664,0.14791666666666667,0.18958333333333333,0.2875,0.24166666666666664,0.39166666666666666,0.11875,0.32291666666666663,0.20416666666666666,0.20208333333333334,0.15,0.20416666666666666,0.175,0.18958333333333333,0.12708333333333333,0.22708333333333336,0.1625,0.23541666666666666,0.22083333333333335,1.0,0.5291666666666667,0.16041666666666668,0.3625,0.15,0.17083333333333334,0.4375,0.20625
spoon,0.148,0.162,0.202,0.268,0.154,0.20400000000000001,0.642,0.142,0.246,0.2,0.23399999999999999,0.592,0.156,0.286,0.296,0.21800000000000003,0.128,0.238,0.272,0.176,0.398,0.21600000000000003,0.16599999999999998,0.316,0.2,0.5291666666666667,1.0,0.146,0.892,0.176,0.156,0.42800000000000005,0.23199999999999998
stove,0.244,0.18,0.20400000000000001,0.16799999999999998,0.162,0.384,0.186,0.392,0.162,0.13999999999999999,0.38,0.23199999999999998,0.45999999999999996,0.21200000000000002,0.134,0.162,0.536,0.43,0.378,0.13799999999999998,0.21000000000000002,0.296,0.174,0.16799999999999998,0.134,0.16041666666666668,0.146,1.0,0.10600000000000001,0.298,0.196,0.21000000000000002,0.27799999999999997
teaspoon,0.13999999999999999,0.16999999999999998,0.162,0.198,0.144,0.23399999999999999,0.492,0.12,0.202,0.154,0.27999999999999997,0.41600000000000004,0.132,0.21400000000000002,0.3,0.2,0.144,0.16399999999999998,0.268,0.146,0.31,0.196,0.21600000000000003,0.21000000000000002,0.188,0.3625,0.892,0.10600000000000001,1.0,0.134,0.162,0.324,0.152
toaster,0.142,0.136,0.144,0.176,0.156,0.324,0.184,0.27599999999999997,0.11599999999999999,0.16399999999999998,0.246,0.174,0.356,0.22999999999999998,0.158,0.158,0.374,0.262,0.296,0.21200000000000002,0.22200000000000003,0.16799999999999998,0.174,0.13,0.156,0.15,0.176,0.298,0.134,1.0,0.16999999999999998,0.174,0.158
towel,0.45199999999999996,0.162,0.18,0.11200000000000002,0.21800000000000003,0.18,0.178,0.162,0.152,0.16,0.20400000000000001,0.158,0.156,0.142,0.144,0.136,0.20800000000000002,0.15,0.146,0.312,0.16799999999999998,0.192,0.16599999999999998,0.136,0.2,0.17083333333333334,0.156,0.196,0.162,0.16999999999999998,1.0,0.172,0.13799999999999998
whisk,0.202,0.154,0.294,0.314,0.188,0.16999999999999998,0.434,0.13,0.182,0.252,0.238,0.282,0.18,0.732,0.186,0.268,0.15,0.20800000000000002,0.16799999999999998,0.23199999999999998,0.158,0.20800000000000002,0.16399999999999998,0.244,0.22599999999999998,0.4375,0.42800000000000005,0.21000000000000002,0.324,0.174,0.172,1.0,0.196
wok,0.21200000000000002,0.188,0.5740000000000001,0.156,0.32999999999999996,0.286,0.296,0.20400000000000001,0.21600000000000003,0.16,0.36,0.152,0.26,0.16799999999999998,0.264,0.144,0.368,0.572,0.16399999999999998,0.15,0.34199999999999997,0.554,0.22400000000000003,0.15,0.254,0.20625,0.23199999999999998,0.27799999999999997,0.152,0.158,0.13799999999999998,0.196,1.0
